2000 1998 1996
2000 1998 1996 1994 1992
2000 1998 1996 1994 1992 1990 1988
2000 1998 1996 1994 1992 1990 1988 1986 1984
2000 1998 1996 1994 1992 1990 1988 1986 1984 1982 1980
2000 1998 1996 1994 1992 1990 1988 1986 1984 1982 1980 1978 1976
2000 1998 1996 1994 1992 1990 1988 1986 1984 1982 1980 1978 1976 1974 1972
2000 1998 1996 1994 1992 1990 1988 1986 1984 1982 1980 1978 1976 1974 1972 1970 1968
2000 1998 1996 1994 1992 1990 1988 1986 1984 1982 1980 1978 1976 1974 1972 1970 1968 1966 1964
2000 1998 1996 1994 1992 1990 1988 1986 1984 1982 1980 1978 1976 1974 1972 1970 1968 1966 1964 1962 1960
2000 1998 1996 1994 1992 1990 1988 1986 1984 1982 1980 1978 1976 1974 1972 1970 1968 1966 1964 1962 1960 1958 1956
2000 1998 1996 1994 1992 1990 1988 1986 1984 1982 1980 1978 1976 1974 1972 1970 1968 1966 1964 1962 1960 1958 1956 1954 1952
2000 1998 1996 1994 1992 1990 1988 1986 1984 1982 1980 1978 1976 1974 1972 1970 1968 1966 1964 1962 1960 1958 1956 1954 1952 1950 1948
2000 1998 1996 1994 1992 1990 1988 1986 1984 1982 1980 1978 1976 1974 1972 1970 1968 1966 1964 1962 1960 1958 1956 1954 1952 1950 1948 1946 1944
2000 1998 1996 1994 1992 1990 1988 1986 1984 1982 1980 1978 1976 1974 1972 1970 1968 1966 1964 1962 1960 1958 1956 1954 1952 1950 1948 1946 1944 1942 1940
2000 1998 1996 1994 1992 1990 1988 1986 1984 1982 1980 1978 1976 1974 1972 1970 1968 1966 1964 1962 1960 1958 1956 1954 1952 1950 1948 1946 1944 1942 1940 1938 1936
2000 1998 1996 1994 1992 1990 1988 1986 1984 1982 1980 1978 1976 1974 1972 1970 1968 1966 1964 1962 1960 1958 1956 1954 1952 1950 1948 1946 1944 1942 1940 1938 1936 1934 1932
2000 1998 1996 1994 1992 1990 1988 1986 1984 1982 1980 1978 1976 1974 1972 1970 1968 1966 1964 1962 1960 1958 1956 1954 1952 1950 1948 1946 1944 1942 1940 1938 1936 1934 1932 1930 1928
2000 1998 1996 1994 1992 1990 1988 1986 1984 1982 1980 1978 1976 1974 1972 1970 1968 1966 1964 1962 1960 1958 1956 1954 1952 1950 1948 1946 1944 1942 1940 1938 1936 1934 1932 1930 1928 1926 1924
2000 1998 1996 1994 1992 1990 1988 1986 1984 1982 1980 1978 1976 1974 1972 1970 1968 1966 1964 1962 1960 1958 1956 1954 1952 1950 1948 1946 1944 1942 1940 1938 1936 1934 1932 1930 1928 1926 1924 1922 1920
2000 1998 1996 1994 1992 1990 1988 1986 1984 1982 1980 1978 1976 1974 1972 1970 1968 1966 1964 1962 1960 1958 1956 1954 1952 1950 1948 1946 1944 1942 1940 1938 1936 1934 1932 1930 1928 1926 1924 1922 1920 1918 1916
2000 1998 1996 1994 1992 1990 1988 1986 1984 1982 1980 1978 1976 1974 1972 1970 1968 1966 1964 1962 1960 1958 1956 1954 1952 1950 1948 1946 1944 1942 1940 1938 1936 1934 1932 1930 1928 1926 1924 1922 1920 1918 1916 1914 1912
2000 1998 1996 1994 1992 1990 1988 1986 1984 1982 1980 1978 1976 1974 1972 1970 1968 1966 1964 1962 1960 1958 1956 1954 1952 1950 1948 1946 1944 1942 1940 1938 1936 1934 1932 1930 1928 1926 1924 1922 1920 1918 1916 1914 1912 1910 1908
2000 1998 1996 1994 1992 1990 1988 1986 1984 1982 1980 1978 1976 1974 1972 1970 1968 1966 1964 1962 1960 1958 1956 1954 1952 1950 1948 1946 1944 1942 1940 1938 1936 1934 1932 1930 1928 1926 1924 1922 1920 1918 1916 1914 1912 1910 1908 1906 1904
